{
 "cells": [
  {
   "cell_type": "code",
   "execution_count": 54,
   "metadata": {
    "ExecuteTime": {
     "end_time": "2019-01-05T04:05:52.991110Z",
     "start_time": "2019-01-05T04:05:52.639145Z"
    },
    "collapsed": true
   },
   "outputs": [],
   "source": [
    "class K_Means:\n",
    "\n",
    "    def __init__(self, k =2, tolerance = 0.0001, max_iterations = 3):\n",
    "        '''\n",
    "        K: number of cluster we want from input datas\n",
    "        tolerance: When the difference between the old and new centroids is less than the tolerance value, we stop the iterations.\n",
    "        max_iteration: maxium amount of iteration process\n",
    "        '''\n",
    "        self.k = k\n",
    "        self.tolerance = tolerance\n",
    "        self.max_iterations = max_iterations\n",
    "        \n",
    "    def fit(self,data):\n",
    "        \n",
    "        np.random.shuffle(data)\n",
    "        self.centroids = {}\n",
    "        # init centroid\n",
    "        for i in range(self.k):\n",
    "            self.centroids[i] = data[i]\n",
    "        # start iterations\n",
    "        for i in range(self.max_iterations):\n",
    "            print(\"Iter centroid: \", self.centroids)\n",
    "            self.clusters = {}\n",
    "            for i in range(self.k):\n",
    "                self.clusters[i] = []\n",
    "                \n",
    "            for features in data:\n",
    "                # Euclidean Norm (Euclidean distance)\n",
    "                distances = [np.linalg.norm(features-self.centroids[centroid]) for centroid in self.centroids]\n",
    "                result_cluster = distances.index(min(distances))\n",
    "                self.clusters[result_cluster].append(features)\n",
    "            print(self.clusters)\n",
    "            # save previous centroids to check centroids changes\n",
    "            prev_centroids = dict(self.centroids)\n",
    "            \n",
    "            # update to new centroids\n",
    "            for cluster in self.clusters:\n",
    "                self.centroids[cluster] = np.average(self.clusters[cluster],axis=0)\n",
    "            \n",
    "            optimized = True\n",
    "            # if centroids changes more than tolerance, we keep iterative process\n",
    "            for centroid in self.centroids:\n",
    "                original_centroid = prev_centroids[centroid]\n",
    "                current_centroid = self.centroids[centroid]\n",
    "                if np.sum((current_centroid-original_centroid)/original_centroid*100.0) > self.tolerance:\n",
    "                    print(\"within-cluster sum of squared error: \", np.sum((current_centroid-original_centroid)/original_centroid*100.0))\n",
    "                    optimized = False\n",
    "                    \n",
    "            # otherwise, break out loop\n",
    "            if optimized:\n",
    "                break\n",
    "    \n",
    "    def predict(self, data):\n",
    "        distances = [np.linalg.norm(data-self.centroids[centroid]) for centroid in self.centroids]\n",
    "        result_cluster = distances.index(min(distances))\n",
    "        \n",
    "        return result_cluster\n",
    "    "
   ]
  },
  {
   "cell_type": "markdown",
   "metadata": {},
   "source": [
    "1. Euclidean distance\n",
    "\\begin{equation}\n",
    "E(p, q) = \\sqrt{\\sum_{a=0}^{F} (p_{a} - q_{a})^2}\n",
    "\\end{equation}"
   ]
  },
  {
   "cell_type": "code",
   "execution_count": 2,
   "metadata": {
    "ExecuteTime": {
     "end_time": "2019-01-06T02:47:47.161442Z",
     "start_time": "2019-01-06T02:47:46.616856Z"
    },
    "collapsed": true
   },
   "outputs": [],
   "source": [
    "import matplotlib.pyplot as plt\n",
    "from matplotlib import style\n",
    "style.use('ggplot')\n",
    "import numpy as np\n",
    "\n",
    "X = np.array([[1, 2],\n",
    "              [1.5, 1.8],\n",
    "              [5, 8 ],\n",
    "              [1.3, 1.5],\n",
    "              [1.4,2.3],\n",
    "              [8, 8],\n",
    "              [1, 0.6],\n",
    "              [9,11]])\n",
    "colors = 10*[\"g\",\"r\",\"c\",\"b\",\"k\"]"
   ]
  },
  {
   "cell_type": "code",
   "execution_count": 3,
   "metadata": {
    "ExecuteTime": {
     "end_time": "2019-01-06T02:47:47.180585Z",
     "start_time": "2019-01-06T02:47:47.163493Z"
    }
   },
   "outputs": [
    {
     "name": "stdout",
     "output_type": "stream",
     "text": [
      "[[1.         0.97341717 0.99549547 0.9688027  0.99654576 0.9486833\n",
      "  0.84366149 0.975441  ]\n",
      " [0.97341717 1.         0.9907474  0.99981275 0.98907543 0.99589321\n",
      "  0.94420018 0.99995942]\n",
      " [0.99549547 0.9907474  1.         0.98793555 0.99993026 0.9743912\n",
      "  0.89076187 0.99192983]\n",
      " [0.9688027  0.99981275 0.98793555 1.         0.98603766 0.9974587\n",
      "  0.95039713 0.99959785]\n",
      " [0.99654576 0.98907543 0.99993026 0.98603766 1.         0.9716676\n",
      "  0.88533236 0.99036326]\n",
      " [0.9486833  0.99589321 0.9743912  0.9974587  0.9716676  1.\n",
      "  0.9701425  0.99503719]\n",
      " [0.84366149 0.94420018 0.89076187 0.95039713 0.88533236 0.9701425\n",
      "  1.         0.94119467]\n",
      " [0.975441   0.99995942 0.99192983 0.99959785 0.99036326 0.99503719\n",
      "  0.94119467 1.        ]]\n",
      "[[1.         0.97341717 0.99549547 0.9688027  0.99654576 0.9486833\n",
      "  0.84366149 0.975441  ]\n",
      " [0.97341717 1.         0.9907474  0.99981275 0.98907543 0.99589321\n",
      "  0.94420018 0.99995942]\n",
      " [0.99549547 0.9907474  1.         0.98793555 0.99993026 0.9743912\n",
      "  0.89076187 0.99192983]\n",
      " [0.9688027  0.99981275 0.98793555 1.         0.98603766 0.9974587\n",
      "  0.95039713 0.99959785]\n",
      " [0.99654576 0.98907543 0.99993026 0.98603766 1.         0.9716676\n",
      "  0.88533236 0.99036326]\n",
      " [0.9486833  0.99589321 0.9743912  0.9974587  0.9716676  1.\n",
      "  0.9701425  0.99503719]\n",
      " [0.84366149 0.94420018 0.89076187 0.95039713 0.88533236 0.9701425\n",
      "  1.         0.94119467]\n",
      " [0.975441   0.99995942 0.99192983 0.99959785 0.99036326 0.99503719\n",
      "  0.94119467 1.        ]]\n",
      "[[0.00000000e+00 2.65828317e-02 4.50452741e-03 3.11972955e-02\n",
      "  3.45424176e-03 5.13167019e-02 1.56338512e-01 2.45589979e-02]\n",
      " [2.65828317e-02 0.00000000e+00 9.25260457e-03 1.87252282e-04\n",
      "  1.09245685e-02 4.10679353e-03 5.57998186e-02 4.05786516e-05]\n",
      " [4.50452741e-03 9.25260457e-03 0.00000000e+00 1.20644483e-02\n",
      "  6.97428427e-05 2.56088043e-02 1.09238130e-01 8.07016530e-03]\n",
      " [3.11972955e-02 1.87252282e-04 1.20644483e-02 0.00000000e+00\n",
      "  1.39623431e-02 2.54130017e-03 4.96028710e-02 4.02151527e-04]\n",
      " [3.45424176e-03 1.09245685e-02 6.97428427e-05 1.39623431e-02\n",
      "  0.00000000e+00 2.83323968e-02 1.14667640e-01 9.63673721e-03]\n",
      " [5.13167019e-02 4.10679353e-03 2.56088043e-02 2.54130017e-03\n",
      "  2.83323968e-02 0.00000000e+00 2.98574999e-02 4.96280979e-03]\n",
      " [1.56338512e-01 5.57998186e-02 1.09238130e-01 4.96028710e-02\n",
      "  1.14667640e-01 2.98574999e-02 0.00000000e+00 5.88053292e-02]\n",
      " [2.45589979e-02 4.05786516e-05 8.07016530e-03 4.02151527e-04\n",
      "  9.63673721e-03 4.96280979e-03 5.88053292e-02 0.00000000e+00]]\n"
     ]
    }
   ],
   "source": [
    "from sklearn.metrics.pairwise import pairwise_kernels, cosine_similarity, cosine_distances\n",
    "print(pairwise_kernels(X, Y=None, metric=\"cosine\", filter_params=True))\n",
    "print(cosine_similarity(X, Y=None))\n",
    "print(cosine_distances(X, Y=None))"
   ]
  },
  {
   "cell_type": "code",
   "execution_count": 81,
   "metadata": {
    "ExecuteTime": {
     "end_time": "2019-01-05T04:14:54.256855Z",
     "start_time": "2019-01-05T04:14:53.654216Z"
    }
   },
   "outputs": [
    {
     "name": "stdout",
     "output_type": "stream",
     "text": [
      "Iter centroid:  {0: array([1., 2.]), 1: array([1. , 0.6])}\n",
      "{0: [array([1., 2.]), array([1.4, 2.3]), array([ 9., 11.]), array([1.3, 1.5]), array([8., 8.]), array([1.5, 1.8]), array([5., 8.])], 1: [array([1. , 0.6])]}\n",
      "within-cluster sum of squared error:  435.7142857142858\n",
      "Iter centroid:  {0: array([3.88571429, 4.94285714]), 1: array([1. , 0.6])}\n",
      "{0: [array([ 9., 11.]), array([8., 8.]), array([5., 8.])], 1: [array([1., 2.]), array([1. , 0.6]), array([1.4, 2.3]), array([1.3, 1.5]), array([1.5, 1.8])]}\n",
      "within-cluster sum of squared error:  170.80641505156973\n",
      "within-cluster sum of squared error:  197.33333333333334\n",
      "Iter centroid:  {0: array([7.33333333, 9.        ]), 1: array([1.24, 1.64])}\n",
      "{0: [array([ 9., 11.]), array([8., 8.]), array([5., 8.])], 1: [array([1., 2.]), array([1. , 0.6]), array([1.4, 2.3]), array([1.3, 1.5]), array([1.5, 1.8])]}\n"
     ]
    },
    {
     "data": {
      "image/png": "iVBORw0KGgoAAAANSUhEUgAAAXQAAAD8CAYAAABn919SAAAABHNCSVQICAgIfAhkiAAAAAlwSFlz\nAAALEgAACxIB0t1+/AAAFCxJREFUeJzt3X9s1PXhx/HXcWcBMb22d1bT0o7V1kyYw1gNxYkOuG3V\nKZr90UyiCaFkkQpEWRiMJdbOud1+dJCuJV1Cg/98l2V/ETTSJTdUEv3D2kKsxVRLSIFVU9tC5Ufb\n49rP94+mhxXU3uc+18+nb56P/z7Hp5/3izvy6pv358f5LMuyBACY8+a5HQAA4AwKHQAMQaEDgCEo\ndAAwBIUOAIag0AHAEBQ6ABiCQgcAQ1DoAGAICh0ADBGY7QH7+vrS+vlwOKyBgQGH0jjHi7m8mEki\nVyq8mEnyZi4vZpKcyVVQUDCj/ZihA4AhKHQAMASFDgCGoNABwBAUOgAYgkIHAENQ6ABgCAodAAwx\n6zcWAcCNoHe4V1vf2qrhK8MK3hRU4+pGFWcXZ3RMZugAkAFb39qq9v529ZzrUXt/u7a8uSXjY1Lo\nAJABQ6ND37idCRQ6AGRA3oK8b9zOBAodADKgcXWjyvPLVZpbqvL8cjWubsz4mJwUBYAMKM4u1qEn\nDs3qUyCZoQOAISh0ADAEhQ4AhqDQAcAQFDoAGIJCBwBDUOgAYAgKHQAMQaEDgCEodAAwBIUOAIb4\n1me57Nu3Tx0dHQoGg6qvr5ckXbx4UXv27NHnn3+uW2+9VS+88IJuueWWjIcFAHy9b52h/+hHP9Lu\n3bunvXbw4EHdfffdamho0N13362DBw9mLCAAYGa+tdCXLl16zey7ra1NDz/8sCTp4YcfVltbW2bS\nAQBmzNbjc4eHh5WbmytJys3N1RdffPG1+8ZiMcViMUlSNBpVOBy2M2RSIBBI+xiZ4MVcXswkkSsV\nXswkeTOXFzNJs5sr489Dj0QiikQiye10nws8m88WToUXc3kxk0SuVHgxk+TNXF7MJDmTq6CgYEb7\n2brKJRgM6ty5c5Kkc+fOKTs7285hAAAOslXo9913n95++21J0ttvv63777/f0VAAgNR965LL3r17\ndeLECV24cEHPPvusqqqq9OSTT2rPnj06cuSIwuGwtm/fPhtZAQDf4FsL/fnnn7/u6y+++KLjYQAA\n9nGnKAAYgkIHAENQ6ABgCAodAAxBoQOAISh0ADAEhQ4AhqDQAcAQFDoAGIJCB+A4y7J0+PBhWZY1\no9fhDAodgONaW1u1adMm1dbWJsvbsizV1tZq06ZNam1tdTmhmTL+PHQAN57KykpVV1erpaVFklRX\nV6fa2lq1tLSourpalZWVLic0E4UOwHE+n091dXWSpJaWlmSxV1dXq66uTj6fz814xmLJBUBGfLnU\np1DmmUWhA8iIqTXzL/vymjqcR6EDcNxUmU+tmZ89eza5pk6pZw5r6AAc19ramizzqWWWL6+pr1y5\nUo888ojLKc1DoQNwXGVlpfbv36/KysrkmvlUqa9cuZKrXDKEQgfgOJ/Pd90Z+Ne9Dmewhg4AhqDQ\nAcAQFDoAGIJCBwBDUOgAYAgKHQAMQaEDgCEodAAwBIUOAIZI607R119/XUeOHJHP51NRUZFqamqU\nlZXlVDYAQApsz9CHhoZ0+PBhRaNR1dfXa2JiQu+++66T2QAAKUhrhj4xMaF4PC6/3694PK7c3Fyn\ncgGzpne4V1vf2qrhK8MK3hRU4+pGFWcXux0LM8Tnd5XtQs/Ly9Pjjz+uzZs3KysrS8uXL9fy5cud\nzAbMiq1vbVV7f3tye8ubW3ToiUMuJkIq+Pyusl3oFy9eVFtbm5qamnTzzTfrb3/7m44ePaqHHnpo\n2n6xWEyxWEySFI1GFQ6H0wscCKR9jEzwYi4vZpK8l2v4yvA1217J57X3aoqXcnn585Nm972yXeid\nnZ3Kz89Xdna2JGnFihX6+OOPryn0SCSiSCSS3B4YGLA7pCQpHA6nfYxM8GIuL2aSvJcreFPwmm2v\n5PPaezXFS7m8/PlJzrxXBQUFM9rP9knRcDisTz75RGNjY7IsS52dnSosLLR7OMA1jasbVZ5frtLc\nUpXnl6txdaPbkZACPr+rbM/Qy8rKVFFRoZ07d8rv92vJkiXTZuLAXFGcXaxDTxzy1KwTM8fnd1Va\nV7lUVVWpqqrKqSwAgDRwpygAGIJCBwBDUOgAYAgKHQAMQaEDgCEodAAwBIUOAIag0AHAEBQ6ABiC\nQgcAQ1DoAGAICh0ADEGhA4AhKHQAMASFDgCGoNABwBAUOgAYgkIHAENQ6ABgCAodAAxBoQOAISh0\nADAEhQ4AhqDQAcAQFDoAGIJCBwBDUOgAYAgKHQAMEUjnhy9duqTm5madOXNGPp9Pmzdv1p133ulU\nNgBACtIq9AMHDuiee+7Rr371KyUSCY2NjTmVCwCQIttLLpcvX9ZHH32kNWvWSJICgYAWLVrkWDAA\nQGpsz9D7+/uVnZ2tffv2qbe3VyUlJdqwYYMWLFjgZD4AwAz5LMuy7PzgyZMn9dvf/lYvv/yyysrK\ndODAAS1cuFC/+MUvpu0Xi8UUi8UkSdFoVPF4PK3AgUBAiUQirWNkghdzeTGTRK5UeDGT5M1cXswk\nOZMrKytrZmPZHSAUCikUCqmsrEySVFFRoYMHD16zXyQSUSQSSW4PDAzYHVKSFA6H0z5GJngxlxcz\nSeRKhRczSd7M5cVMkjO5CgoKZrSf7TX0nJwchUIh9fX1SZI6Ozu1ePFiu4cDAKQpratcNm7cqIaG\nBiUSCeXn56umpsapXACAFKVV6EuWLFE0GnUqCwAgDdwpCgCGoNABwBAUOgAYgkIHAENQ6ABgCAod\nAAxBoQOAISh0ADAEhQ4AhqDQAcAQFDoAGIJCBwBDUOgAYAgKHQAMQaEDgCEodAAwBIUOAIag0AHA\nEBQ6ABiCQgcAQ1DoAGAICh0ADEGhA4AhKHQAMASFDgCGoNABwBAUOgAYgkIHAENQ6ABgiLQLfWJi\nQr/+9a8VjUadyAMAsCntQn/jjTdUWFjoRBYAQBrSKvTBwUF1dHRo7dq1TuUBANgUSOeHX331VT39\n9NMaGRn52n1isZhisZgkKRqNKhwOpzOkAoFA2sfIBC/m8mImiVyp8GImyZu5vJhJmt1ctgu9vb1d\nwWBQJSUl6urq+tr9IpGIIpFIcntgYMDukJKkcDic9jEywYu5vJhJIlcqvJhJ8mYuL2aSnMlVUFAw\no/1sF3p3d7fef/99HTt2TPF4XCMjI2poaNC2bdvsHhIAkAbbhb5+/XqtX79ektTV1aXXXnuNMgcA\nF3EdOgAYIq2TolOWLVumZcuWOXEoAIBNzNABwBAUOgAYgkIHAENQ6ABgCAodAAxBoQOAISh0ADAE\nhQ4AhqDQAcAQFDoAGIJCBwBDUOgAYAgKHQAMQaEDgCEodAAwBIUOAIag0AHAEBQ6ABiCQgcAQ1Do\nAGAICh0ADEGhA4AhKHQAMASFDgCGuCEK3d/bq9C6dcp/8EGF1q2T//RptyMBgONuiELP2bpV89vb\nFTh1SvPb25WzZYvbkQDAcTdEofuHhr5xGwBMcEMU+nhe3jduA4AJAnZ/cGBgQE1NTTp//rx8Pp8i\nkYgeffRRJ7M55nxjo3K2bJF/aEjjeXk639jodiQAcJztQvf7/XrmmWdUUlKikZER7dq1Sz/4wQ+0\nePFiJ/M5Yry4WIOHDrkdAwAyyvaSS25urkpKSiRJCxcuVGFhoYYyuDY9daXKTcuWcaUKAFyHI2vo\n/f39OnXqlEpLS5043HVNXani6+nhShUAuA6fZVlWOgcYHR1VbW2tfv7zn2vFihXX/HksFlMsFpMk\nRaNRxeNxW+PctGyZfD09yW2rtFRXurrshc6AQCCgRCLhdoxpvJhJIlcqvJhJ8mYuL2aSnMmVlZU1\ns7HSGSSRSKi+vl6rVq26bplLUiQSUSQSSW4PDAzYGisUDGr+l7bjwaAGbR4rE8LhsO2/W6Z4MZNE\nrlR4MZPkzVxezCQ5k6ugoGBG+9lecrEsS83NzSosLNRjjz1m9zAzdr6xUWPl5bJKSzVWXp7WlSrc\nOQrARLYLvbu7W0ePHtWHH36oHTt2aMeOHero6HAy2zRTV6pc6erS4KFDGi8uTv6ZZVk6fPiwvrp6\n9HWvc+coABPZXnL53ve+p3//+99OZrGttbVVmzZtUnV1terq6uTz+WRZlmpra9XS0qL9+/frkUce\nSe7PnaMATGTEnaKVlZWqrq5WS0uLamtrp5V5dXW1Kisrp+3PnaMATJTWSVGv8Pl8qqurkyS1tLSo\npaVFkqbN2L+MO0cBmMiIQpeulvpUmS+R1HT8uPyrViVLe2rdnTtHAZjIiCUXSclllin/J3HiE8AN\nxYhC/+qa+dmzZ1WSnT1tH058AjCdEYXe2tqaLPOpNfPcsrJp+3DiE4DpjFhDr6ys1P79+1VZWZk8\nATp14nP0zBktKCrixCcA4xlR6D6fb9p15tL0E5+X3AgFALPMiCUXAACFDgDGoNABwBAUOgAYgkIH\nAENQ6ABgCAodAAxBoQOAISh0ADAEhQ4AhqDQAcAQc6bQ/b29Cq1bp5uWLVNo3Tr5T592OxIAeMqc\nKfScrVs1v71dvp4evrACAK5jzhT6V7+ggi+sAIDp5kyhf/ULKvjCCgCYbs4U+vnGRo2Vl8sqLdVY\neTlfWAEAXzFnvuBi6gsrwuGwBgcG3I4DAJ4zZ2boAIBvRqEDgCEodAAwRFpr6MePH9eBAwc0MTGh\ntWvX6sknn3QqFwAgRbZn6BMTE2ppadHu3bu1Z88evfPOOzp79qyT2QAAKbBd6D09Pbr99tt12223\nKRAI6IEHHlBbW5uT2QAAKbBd6ENDQwqFQsntUCikIe7eBADX2F5Dtyzrmtd8Pt81r8ViMcViMUlS\nNBpVOBy2O6QkKRAIpH2MTPBiLi9mksiVCi9mkryZy4uZpNnNZbvQQ6GQBgcHk9uDg4PKzc29Zr9I\nJKJIJJLczsrKsjuko8fIBC/m8mImiVyp8GImyZu5vJhJmr1ctpdc7rjjDn366afq7+9XIpHQu+++\nq/vuu8/JbNe1a9eujI9hhxdzeTGTRK5UeDGT5M1cXswkzW4u2zN0v9+vjRs36pVXXtHExIRWr16t\noqIiJ7MBAFKQ1nXo9957r+69916nsgAA0uB/6aWXXnI7RKpKSkrcjnBdXszlxUwSuVLhxUySN3N5\nMZM0e7l81vUuVwEAzDk8ywUADDFnnoe+b98+dXR0KBgMqr6+3u04kqSBgQE1NTXp/Pnz8vl8ikQi\nevTRR92OpXg8rtraWiUSCY2Pj6uiokJVVVVux5I0+ciIXbt2KS8vzzNXJTz33HNasGCB5s2bJ7/f\nr2g06nYkSdKlS5fU3NysM2fOyOfzafPmzbrzzjtdy9PX16c9e/Ykt/v7+1VVVaWf/exnrmWa8vrr\nr+vIkSPy+XwqKipSTU2N65cwvvHGG/rvf/8ry7K0du3a2XmfrDmiq6vLOnnypLV9+3a3oyQNDQ1Z\nJ0+etCzLsi5fvmxt27bNOnPmjMupLGtiYsIaGRmxLMuyrly5Yv3mN7+xuru7XU416bXXXrP27t1r\n/fGPf3Q7SlJNTY01PDzsdoxr/P3vf7disZhlWZOf48WLF11OdNX4+Li1adMmq7+/3+0o1uDgoFVT\nU2ONjY1ZlmVZ9fX11ptvvulqpt7eXmv79u3W6OiolUgkrN/97ndWX19fxsedM0suS5cu1S233OJ2\njGlyc3OTJzsWLlyowsJCTzz+wOfzacGCBZKk8fFxjY+PX/cu3tk2ODiojo4OrV271u0onnf58mV9\n9NFHWrNmjaTJuw0XLVrkcqqrOjs7dfvtt+vWW291O4qkyf/5xeNxjY+PKx6PX/cmx9n0v//9T2Vl\nZZo/f778fr/uuusuvffeexkfd84suXhdf3+/Tp06pdLSUrejSJr8B75z50599tln+ulPf6qysjK3\nI+nVV1/V008/rZGREbejXOOVV16RJP34xz+edmezW/r7+5Wdna19+/apt7dXJSUl2rBhQ/IXtdve\neecd/fCHP3Q7hiQpLy9Pjz/+uDZv3qysrCwtX75cy5cvdzVTUVGR/vWvf+nChQvKysrSsWPHdMcd\nd2R83DkzQ/ey0dFR1dfXa8OGDbr55pvdjiNJmjdvnv7yl7+oublZJ0+e1OnTp13N097ermAw6MnL\nyl5++WX96U9/0u7du/Wf//xHJ06ccDuSxsfHderUKf3kJz/Rn//8Z82fP18HDx50O5YkKZFIqL29\nXRUVFW5HkSRdvHhRbW1tampq0j/+8Q+Njo7q6NGjrmZavHixnnjiCf3+97/XH/7wB33nO9/RvHmZ\nr1tm6GlKJBKqr6/XqlWrtGLFCrfjXGPRokVaunSpjh8/ruLiYtdydHd36/3339exY8cUj8c1MjKi\nhoYGbdu2zbVMU/Ly8iRJwWBQ999/v3p6erR06VJXM4VCIYVCoeT/rCoqKjxT6MeOHdN3v/td5eTk\nuB1F0uTyT35+vrKzsyVJK1as0Mcff6yHHnrI1Vxr1qxJLpn985//nPZ02kxhhp4Gy7LU3NyswsJC\nPfbYY27HSfriiy906dIlSZNXvHR2dqqwsNDVTOvXr1dzc7Oampr0/PPP6/vf/74nynx0dDS5BDQ6\nOqoPPvjA1V98U3JychQKhdTX1ydpsrQWL17scqpJXlpukaRwOKxPPvlEY2NjsizLE//eJWl4eFjS\n5NVw77333qy8Z3Nmhr53716dOHFCFy5c0LPPPquqqqrkbz+3dHd36+jRoyouLtaOHTskSU899ZTr\nj0M4d+6cmpqaNDExIcuytHLlSpWXl7uayauGh4f117/+VdLkMseDDz6oe+65x+VUkzZu3KiGhgYl\nEgnl5+erpqbG7UgaGxvTBx98oF/+8pduR0kqKytTRUWFdu7cKb/fryVLlnjiPEh9fb0uXLigQCCg\n6urqWbmogztFAcAQLLkAgCEodAAwBIUOAIag0AHAEBQ6ABiCQgcAQ1DoAGAICh0ADPH/nO60FfQW\ngBYAAAAASUVORK5CYII=\n",
      "text/plain": [
       "<matplotlib.figure.Figure at 0x7f2d36a0a828>"
      ]
     },
     "metadata": {},
     "output_type": "display_data"
    }
   ],
   "source": [
    "clf = K_Means()\n",
    "clf.fit(X)\n",
    "\n",
    "for centroid in clf.centroids:\n",
    "    plt.scatter(clf.centroids[centroid][0], clf.centroids[centroid][1],\n",
    "                marker=\"x\", color=\"k\", s=50)\n",
    "\n",
    "for cluster in clf.clusters:\n",
    "    color = colors[cluster]\n",
    "    for sample in clf.clusters[cluster]:\n",
    "        plt.scatter(sample[0], sample[1], marker=\"o\", color=color, s=20)\n",
    "        \n",
    "plt.show()"
   ]
  },
  {
   "cell_type": "code",
   "execution_count": 82,
   "metadata": {
    "ExecuteTime": {
     "end_time": "2019-01-05T04:14:58.016143Z",
     "start_time": "2019-01-05T04:14:57.965737Z"
    },
    "collapsed": true
   },
   "outputs": [],
   "source": [
    "from sklearn.cluster import KMeans\n",
    "\n",
    "clf = KMeans(n_clusters=2)\n",
    "clf.fit(X)\n",
    "\n",
    "centroids = clf.cluster_centers_\n",
    "labels = clf.labels_\n"
   ]
  },
  {
   "cell_type": "code",
   "execution_count": 83,
   "metadata": {
    "ExecuteTime": {
     "end_time": "2019-01-05T04:14:58.877189Z",
     "start_time": "2019-01-05T04:14:58.240873Z"
    }
   },
   "outputs": [
    {
     "data": {
      "image/png": "iVBORw0KGgoAAAANSUhEUgAAAXQAAAD8CAYAAABn919SAAAABHNCSVQICAgIfAhkiAAAAAlwSFlz\nAAALEgAACxIB0t1+/AAAFCVJREFUeJzt3W9MW/ehxvHnYAeC0xtC7NAJSAq0RGtCl8LWG6KtaQXO\npnWNtle0RZ0UtdFUqBR12e2SdtLWrdvK/tDkMpHSq121r9DWN8tVqlaTHE/NtN2oafBUQlra5ULK\nhjYKSWliDMT2uS9onLAkDf5zcsyP7+edD+fPI4wejn/nd44t27ZtAQAWvQK3AwAAcoNCBwBDUOgA\nYAgKHQAMQaEDgCEodAAwBIUOAIag0AHAEBQ6ABiCQgcAQ3hv9AFHR0cz2i4QCGh8fDzHabJHrvSQ\nKz3kSo+pucrLyxe0HmfoAGAICh0ADEGhA4AhKHQAMASFDgCGuOGzXABgyUgkVBQOq2BoSEXV1Zpp\napI8HscOR6EDgBMSCflbW7UsEpE1NaVSn08X6us10dvrWKkz5AIADigKh7UsElFBNCrLtlUQjWpZ\nX5+KwmHHjkmhA4ADlp04IWtqat4yKxbTsoEBx45JoQOAAy7U1cn2+eYts4uLdWHjRseOSaEDgANm\nmpp0ob5eSZ9PtmUp6fPpQkPD3IVRh3BRFACc4PFoordXReGwSoaHNVlVxSwXAFi0PB7NbNumZCCg\nmRvw0DCGXADAEBQ6ABiCQgcAQ1DoAGAICh0ADEGhA4AhKHQAMASFDgCGoNABwBAUOgAYgkIHAENc\n91kuBw4cUF9fn0pKStTZ2SlJOn/+vPbt26cPP/xQa9as0be//W3ddNNNjocFAFzbdc/Q7733Xj39\n9NPzlh08eFB33HGHurq6dMcdd+jgwYOOBQQALMx1C33Dhg1XnH0fO3ZM99xzjyTpnnvu0bFjx5xJ\nBwBYsIwenzs5OanS0lJJUmlpqT7++ONrrhsKhRQKhSRJHR0dCgQCmRxSXq83422dRK70kCs95ErP\nUs/l+PPQg8GggsFg6vV4hs8EDgQCGW/rJHKlh1zpIVd6TM1VXl6+oPUymuVSUlKis2fPSpLOnj2r\nlStXZrIbAEAOZVToX/jCF/TGG29Ikt544w3dddddOQ0FAEjfdYdc9u/fr5MnT+rcuXN67LHH1NLS\nom984xvat2+fwuGwAoGAdu/efSOyAgA+xXUL/Yknnrjq8u9///s5DwMAyBx3igKAISh0ADAEhQ4A\nhqDQAcAQFDoAGIJCBwBDUOgAYAgKHQAMQaEDgCEodACOsG1bdt//yrbtBS1H9ih0AM6IHFXyhedk\n//bXqfK2bVv2b3+t5AvPSZGjLgc0j+PPQwewRNU3ymreLvvwobnXD+ycK/fDh2Q1b5fqG93NZyAK\nHYAjLMuSHtgpSbIPH0oVu9W8XdYDO+d+jpxiyAWAYyzLkvVJqaeWUeaOodABOObimPm8ZZeNqSO3\nKHQAjrhY5hfHzAv+639SY+qUujMYQwfgjMjRVJmnhlkuG1O31tdJDVtcDmkWCh2AM+obVdD21Nxs\nl0/GzC+WurW+jlkuDqDQATjCsqyrnoFfazmyxxg6ABiCQgcAQ1DoAGAICh0ADEGhA4AhKHQAMASF\nDgCGoNABwBAUOgAYgkIHAENkdev/q6++qnA4LMuytHbtWrW3t6uwsDBX2QDnJRIqCodVMDSkoupq\nzTQ1SR6P26mQLt5HSVkU+pkzZ/T6669r3759Kiws1PPPP68///nPuvfee3MYD3BQIiF/a6uWRSKy\npqZU6vPpQn29Jnp7l2QZLFq8jylZDbkkk0nNzs4qkUhodnZWpaWlucoFOK4oHNaySEQF0ags21ZB\nNKplfX0qCofdjoY08D5ekvEZ+urVq7V9+3a1tbWpsLBQmzZt0qZNm65YLxQKKRQKSZI6OjoUCAQy\nC+r1Zrytk8iVnnzKVTA0JGtqat4yKxZTyfCwknmSMZ9+X5fLp1y8j5cdJ9MNz58/r2PHjqm7u1s+\nn0/PP/+8jhw5oq1bt85bLxgMKhgMpl6Pj49ndLxAIJDxtk4iV3ryKVdRdbVKfT5Z0WhqmV1crMmq\nKs3kScZ8+n1dLp9yLYX3sby8fEHrZTzk0t/fr7KyMq1cuVJer1ebN2/We++9l+nugBtupqlJF+rr\nlfT5ZFuWkj6fLjQ0zF1Qw6LB+3hJxmfogUBA77//vmZmZlRYWKj+/n7deuutucwGOMvj0URvr4rC\nYZUMD8+d0S3R2RGLGu9jSsaFXltbq8bGRu3Zs0cej0dVVVXzhlaARcHj0cy2bUoGAnnz8RwZ4H2U\nlOU89JaWFrW0tOQqCwAgC9wpCgCGoNABwBAUOgAYgkIHAENQ6ABgCAodAAxBoQOAISh0ADAEhQ4A\nhqDQAcAQFDoAGIJCBwBDUOgAYAgKHQAMQaEDgCEodAAwBIUOAIag0AHAEBQ6ABiCQgcAQ1DoAGAI\nCh0ADEGhA4AhKHQAMASFDgCGoNABwBAUOgAYgkIHAENQ6ABgCG82G0ejUfX09GhkZESWZamtrU3r\n16/PVTYAQBqyKvSXXnpJd955p77zne8oHo9rZmYmV7kAAGnKeMhlampK77zzjpqamiRJXq9XK1as\nyFkwAEB6LNu27Uw2HB4e1osvvqjKykqdPn1aNTU12rFjh5YvXz5vvVAopFAoJEnq6OjQ7OxsRkG9\nXq/i8XhG2zqJXOkhV3rIlR5TcxUWFi5ovYwL/dSpU/re976nZ599VrW1tXrppZdUXFysBx988FO3\nGx0dzeRwCgQCGh8fz2hbJ5ErPeRKD7nSY2qu8vLyBa2X8ZCL3++X3+9XbW2tJKmxsVFDQ0OZ7g4A\nkKWMC33VqlXy+/2pM+7+/n5VVlbmLBgAID1ZzXJ55JFH1NXVpXg8rrKyMrW3t+cqFwAgTVkVelVV\nlTo6OnKVBQCQBe4UBQBDUOgAYAgKHQAMQaEDgCEodAAwBIUOAIag0AHAEBQ6ABiCQgcAQ1DoAGAI\nCh0ADEGhA4AhKHQAMASFDgCGoNABwBAUOgAYgkIHAENQ6ABgCAodAAxBoQOAISh0ADAEhQ4AhqDQ\nAcAQFDoAGIJCBwBDUOgAYAgKHQAMQaEDgCEodAAwRNaFnkwm9d3vflcdHR25yAMAyFDWhf7aa6+p\noqIiF1kAAFnIqtAnJibU19en5ubmXOUBAGTIm83GL7/8sh5++GHFYrFrrhMKhRQKhSRJHR0dCgQC\nGR3L6/VmvK2TyJUecqWHXOlZ6rkyLvTjx4+rpKRENTU1GhgYuOZ6wWBQwWAw9Xp8fDyj4wUCgYy3\ndRK50kOu9JArPabmKi8vX9B6GRf64OCg3nrrLUUiEc3OzioWi6mrq0u7du3KdJcAgCxkXOitra1q\nbW2VJA0MDOjQoUOUOQC4iHnoAGCIrC6KXrRx40Zt3LgxF7sCAGSIM3QAMASFDgCGoNABwBAUOgAY\ngkIHAENQ6ABgCAodAAxBoQOAISh0ADAEhQ4AhqDQAcAQFDoAGIJCBwBDUOgAYAgKHQAMQaEDgCEo\ndAAwBIUOAIag0AHAEBQ6ABiCQgcAQ1DoAGAICh0ADEGhA4AhvG4HcFIimVB4JKwTEydU569T09om\neQo8bscCAEcYW+iJZEKtr7cqMhbRVHxKPq9P9WX16v1qL6UOwEjGDrmER8KKjEUUjUdly1Y0HlXf\nWJ/CI2G3owGAI4wt9BMTJzQVn5q3LBaPaWBiwKVEAOAsYwu9zl8nn9c3b1mxt1gb/RtdSgQAzsp4\nDH18fFzd3d366KOPZFmWgsGg7rvvvlxmk3TpwubQu0OqLq5e8IXNprVNqi+rV99Yn2LxmIq9xWoo\na1DT2qacZwSAfJBxoXs8Hn3zm99UTU2NYrGY9u7dq8997nOqrKzMWbhsLmx6Cjzq/WqvwiNhDUwM\naKN/I7NcABgt40IvLS1VaWmpJKm4uFgVFRU6c+ZMTgv98gubkuZd2Nx2y7brbu8p8GjbLdsWtC4A\nLHY5mbY4NjamoaEh3XbbbVf8LBQKKRQKSZI6OjoUCAQWvN+hd4euemFzeHo4rf04yev15k2Wy5Er\nPeRKD7nSc6NyZV3o09PT6uzs1I4dO+Tz+a74eTAYVDAYTL0eHx9f8L6ri6vl8/pSZ+jS3IXNquVV\nae3nIiduNAoEAhllcRq50kOu9JArPdnmKi8vX9B6WRV6PB5XZ2en7r77bm3evDmbXV1VLi9scqMR\nANNlXOi2baunp0cVFRW6//77c5kp5fILm8PTw6paXjXvrNq2bSlyVKpvlGVZ87L96/Jsx+MBIN9l\nXOiDg4M6cuSI1q1bpyeffFKS9NBDD6mhoSFn4aRLFzav+pElclTJF56T1bxdemCnLMuSbduyf/tr\n2YcPqaDtKalhi6RPv9GIQgdggowL/bOf/axeeeWVXGZJX32jrObtsg8fmnv9wM5UmVvN26X6xtSq\nF280+tfxeG40AmCKRf1wLsuypAd2SpLsw4dSxW41b5f1yRn7RdxoBMB0i7rQpUulnjpLl/SftedU\n90Fo3ng7NxoBMN2iL/SLY+aXW/G7V/R4TY/qb54/i4UbjQCYbFE/nOvyC6Aj/75Jt295V/998z/1\n6D/L9B//V6q+f/K4XABLx6IudEWOpi6A/q6hVFOJKf1w3d8+KfWbtfXDQh6XC2DJWNxDLvWNc1MT\n6xtV90EoNYvlh+v+pqP/dl5/XDOrB5nFAmCJWNRn6JZlyWrYIsuyUrNYfF6fLMvSH8tm1XAzs1gA\nLB2L+wz9MsxiAbDUGVPoErNYACxti3rIBQBwCYUOAIag0AHAEBQ6ABiCQgcAQ1DoAGAICh0ADEGh\nA4AhKHQAMETe3ymaSCYUHglr6N0hVRdXczs/AFxDXhd6IplQ6+utioxFNBWfks/rU33Z/C+tAADM\nyeshl/BIWJGxiKLxqGzZisaj6hvjSysA4GryutBPTJzQVHxq3rJYPMaXVgDAVeR1odf56+Tz+uYt\nK/YWayNfWgEAV8jrQp/3pRWy5PP61FDGl1YAwNXk9UXRy7+0Ynh6WFXLq5jlAgDXkNeFLl360opA\nIKDx8XG34wBA3srrIRcAwMJR6ABgCAodAAxBoQOAISh0ADCEZdu27XYIAED2Fs0Z+t69e92OcFXk\nSg+50kOu9Cz1XIum0AEAn45CBwBDeJ555pln3A6xUDU1NW5HuCpypYdc6SFXepZyLi6KAoAhGHIB\nAEPk/cO5Dhw4oL6+PpWUlKizs9PtOCnj4+Pq7u7WRx99JMuyFAwGdd9997kdS7Ozs/rBD36geDyu\nRCKhxsZGtbS0uB1LkpRMJrV3716tXr06r2YjPP7441q+fLkKCgrk8XjU0dHhdiRJUjQaVU9Pj0ZG\nRmRZltra2rR+/XpXM42Ojmrfvn2p12NjY2ppadHXvvY1F1PNefXVVxUOh2VZltauXav29nYVFha6\nHUuvvfaaDh8+LNu21dzc7Ozvys5zAwMD9qlTp+zdu3e7HWWeM2fO2KdOnbJt27anpqbsXbt22SMj\nIy6nsu1kMmnHYjHbtm37woUL9lNPPWUPDg66nGrOoUOH7P3799vPPfec21HmaW9vtycnJ92OcYVf\n/epXdigUsm177r08f/68y4nmSyQS9s6dO+2xsTG3o9gTExN2e3u7PTMzY9u2bXd2dtp/+MMf3A1l\n2/bp06ft3bt329PT03Y8Hrd/9KMf2aOjo44dL++HXDZs2KCbbrrJ7RhXKC0tTV3kKC4uVkVFhc6c\nOeNyKsmyLC1fvlySlEgklEgkZFmWy6mkiYkJ9fX1qbm52e0oi8LU1JTeeecdNTXNfZmL1+vVihUr\nXE41X39/vz7zmc9ozZo1bkeRNPcJcHZ2VolEQrOzsyotLXU7kv7+97+rtrZWRUVF8ng8uv322/Xm\nm286dry8H3JZDMbGxjQ0NKTbbrvN7SiS5v6w9+zZo3/84x/6yle+otraWrcj6eWXX9bDDz+sWCzm\ndpSr+slPfiJJ2rZtm4LBoMtp5v6mVq5cqQMHDuj06dOqqanRjh07Uv+s88Gf/vQnffGLX3Q7hiRp\n9erV2r59u9ra2lRYWKhNmzZp06ZNbsfS2rVr9Zvf/Ebnzp1TYWGhIpGIbr31VseOl/dn6Pluenpa\nnZ2d2rFjh3w+3/U3uAEKCgr0i1/8Qj09PTp16pQ++OADV/McP35cJSUleTud7Nlnn9XPfvYzPf30\n0/r973+vkydPuh1JiURCQ0ND+vKXv6yf//znKioq0sGDB92OlRKPx3X8+HE1Nja6HUWSdP78eR07\ndkzd3d168cUXNT09rSNHjrgdS5WVlfr617+uH//4x/rpT3+qW265RQUFztUuZ+hZiMfj6uzs1N13\n363Nmze7HecKK1as0IYNG/SXv/xF69atcy3H4OCg3nrrLUUiEc3OzioWi6mrq0u7du1yLdPlVq9e\nLUkqKSnRXXfdpb/+9a/asGGDq5n8fr/8fn/q01VjY2NeFXokElF1dbVWrVrldhRJc8M/ZWVlWrly\npSRp8+bNeu+997R161aXk0lNTU2pobPe3l75/X7HjsUZeoZs21ZPT48qKip0//33ux0n5eOPP1Y0\nGpU0N+Olv79fFRUVrmZqbW1VT0+Puru79cQTT6iuri5vynx6ejo1DDQ9Pa23337b1X9+F61atUp+\nv1+jo6OS5gqrsrLS5VSX5NNwiyQFAgG9//77mpmZkW3befF3f9Hk5KSkuZlxb775pqO/t7w/Q9+/\nf79Onjypc+fO6bHHHlNLS0vqv52bBgcHdeTIEa1bt05PPvmkJOmhhx5SQ0ODq7nOnj2r7u5uJZNJ\n2batLVu26POf/7yrmfLZ5OSkfvnLX0qaG+b40pe+pDvvvNPlVHMeeeQRdXV1KR6Pq6ysTO3t7W5H\nkiTNzMzo7bff1re+9S23o6TU1taqsbFRe/bskcfjUVVVVV5cC5Gkzs5OnTt3Tl6vV48++qijkzy4\nUxQADMGQCwAYgkIHAENQ6ABgCAodAAxBoQOAISh0ADAEhQ4AhqDQAcAQ/w+CmD5kgZIGFgAAAABJ\nRU5ErkJggg==\n",
      "text/plain": [
       "<matplotlib.figure.Figure at 0x7f2d36b696a0>"
      ]
     },
     "metadata": {},
     "output_type": "display_data"
    },
    {
     "name": "stdout",
     "output_type": "stream",
     "text": [
      "[[ 1.   2. ]\n",
      " [ 1.   0.6]\n",
      " [ 1.4  2.3]\n",
      " [ 9.  11. ]\n",
      " [ 1.3  1.5]\n",
      " [ 8.   8. ]\n",
      " [ 1.5  1.8]\n",
      " [ 5.   8. ]]\n",
      "[0 0 0 1 0 1 0 1]\n"
     ]
    }
   ],
   "source": [
    "colors = [\"g.\",\"r.\",\"c.\",\"y.\"]\n",
    "for i in range(len(X)):\n",
    "    plt.plot(X[i][0], X[i][1], colors[labels[i]], markersize = 10)\n",
    "plt.scatter(centroids[:, 0],centroids[:, 1], marker = \"x\", s=50, linewidths = 5, zorder = 10)\n",
    "plt.show()\n",
    "print(X)\n",
    "print(labels)"
   ]
  },
  {
   "cell_type": "code",
   "execution_count": null,
   "metadata": {
    "collapsed": true
   },
   "outputs": [],
   "source": []
  }
 ],
 "metadata": {
  "kernelspec": {
   "display_name": "Python 3",
   "language": "python",
   "name": "python3"
  },
  "language_info": {
   "codemirror_mode": {
    "name": "ipython",
    "version": 3
   },
   "file_extension": ".py",
   "mimetype": "text/x-python",
   "name": "python",
   "nbconvert_exporter": "python",
   "pygments_lexer": "ipython3",
   "version": "3.6.3"
  }
 },
 "nbformat": 4,
 "nbformat_minor": 2
}
